080100000
081000000
081500000
082000000
083500000
084000000
084500000
085500000
090000000
090500000
091000000
093100000
093600000
094100000
094600000
095100000
095600000
100100000
100600000
101100000
101600000
102100000
102600000
103100000
103600000
104100000
104600000
105100000
105600000
110100000
110600000
111100000
111600000
112100000
112600000
113100000
113600000
114100000
114600000
115100000
115600000
120100000
120600000
121100000
121600000
122100000
122600000
123100000
123600000
124100000
124600000
125100000
125600000
130100000
130600000
131100000
131600000
132100000
132600000
133100000
133600000
134100000
134600000
135100000
135600000
140100000
140600000
141100000
141600000
142100000
142600000
143100000
143600000
144100000
144600000
145100000
145600000
150100000
150600000
151100000
151600000
152100000
152600000
153100000
153600000
154100000
154600000
155100000
155600000
160100000
160500000
160900000
161300000
161700000
162100000
162500000
162900000
163300000
163700000
164100000
164500000
164900000
165300000
165700000
160100000
160300000
160500000
160700000
160900000
161100000
161300000
161500000
161700000
161900000
162100000
162300000
162500000
162700000
162900000
163100000
163300000
163500000
163700000
163900000
164100000
164300000
164500000
164700000
164900000
165100000
165300000
165500000
165700000
165900000
170100000
170300000
170500000
170700000
170900000
171100000
171300000
171500000
171700000
171900000
172100000
172300000
172500000
172700000
172900000
173100000
173300000
173500000
173700000
173900000
174100000
174300000
174500000
174700000
174900000
175100000
175300000
175500000
175700000
175900000
180100000
180300000
180500000
180700000
180900000
181100000
181300000
181500000
181700000
181900000
182100000
182300000
182500000
182700000
182900000
183100000
183300000
183500000
183700000
183900000
184100000
184300000
184500000
184700000
184900000
185100000
185300000
185500000
185700000
185900000
190100000
190300000
190500000
190700000
190900000
191100000
191300000
191500000
191700000
191900000
192100000
192300000
192500000
192700000
192900000
193100000
193300000
193500000
193700000
193900000
194100000
194300000
194500000
194700000
194900000
195100000
195300000
195500000
195700000
195900000
200100000
200300000
200500000
200700000
200900000
201100000
201300000
201500000
201700000
201900000
202100000
202300000
202500000
202700000
202900000
203100000
203300000
203500000
203700000
203900000
204100000
204300000
204500000
204700000
204900000
205100000
205300000
205500000
205700000
205900000
210100000
210300000
210500000
210700000
210900000
211100000
211300000
211500000
211700000
211900000
212100000
212300000
212500000
212700000
212900000
213100000
213300000
213500000
213700000
213900000
214100000
214300000
214500000
214700000
214900000
215100000
215300000
215500000
215700000
215900000
220100000
220300000
220500000
220700000
220900000
221100000
221300000
221500000
221700000
221900000
222100000
222300000
222500000
222700000
222900000
223100000
223300000
223500000
223700000
223900000
224100000
224300000
224500000
224700000
224900000
225100000
225300000
225500000
225700000
225900000
230100000
230300000
230500000
230700000
230900000
231100000
231300000
231500000
231700000
231900000
232100000
232300000
232500000
232700000
232900000
233100000
233300000
233500000
233700000
233900000
234100000
234300000
234500000
234700000
234900000
235100000
235300000
235500000
235700000
235900000