083200000
083500000
084000000
084500000
085500000
090000000
090500000
091000000
093100000
093600000
094100000
094600000
095100000
095600000
100100000
100600000
101100000
101600000
102100000
102600000
103100000
103600000
104100000
104600000
105100000
105600000
110100000
110600000
111100000
111600000
112100000
112600000
113100000
113600000
114100000
114600000
115100000
115600000
120100000
120600000
121100000
121600000
122100000
122600000
123100000
123600000
124100000
124600000
125100000
125600000
130100000
130600000
131100000
131600000
132100000
132600000
133100000
133600000
134100000
134600000
135100000
135600000
140100000
140600000
141100000
141600000
142100000
142600000
143100000
143600000
144100000
144600000
145100000
145600000
150100000
150600000